1	[Торговец пряностей]	1	1111	12	66600,83200	66600,83200	182	Shaitan City	13	0	sell_all	0
2	[Аппарели - Оружие]	1	535	0	66400,77800	66400,77800	90	Шайтан	24	0	app_weapon	0
3	[Аппарели - Ланс]	1	103	0	66200,77500	66200,77500	90	Шайтан	20	0	app_lanc	0
4	[Аппарели - Карциз]	1	103	0	66200,77200	66200,77200	90	Шайтан	20	0	app_carcis	0
5	[Аппарели - Филлис]	1	103	0	66200,76900	66200,76900	90	Шайтан	24	0	app_fillis	0
6	[Аппарели - Ами] 	1	103	0	66200,76600	66200,76600	90	Шайтан	24	0	app_ami	0
7	[Жорик]	1	223	1	73200,83300	73200,83300	182	Шайтан	13	0	t_jora	0
8	[Страж новичков]	1	1025	1	70000,83700	70000,83700	90	Шайтан	13	0	straj_Newbie	0
9	[Телепорт Инна]	1	424	7	69400,82500	69400,82500	204	Шайтан	13	0	Tp_all	0
10	[Банкир - Шина]	1	412	0	68300,80200	68300,80200	180	Шайтан	13	0	npc_bank	0
11	[Кузнец - Олег]	1	21	2	68000,75000	68000,75000	219	Шайтан	13	0	npc_kuznec	0
12	[Мастер Фей]	1	748	4	65500,78200	65500,78200	204	Шайтан	13	0	npc_fairy	0
13	[Мастер умений]	1	429	17	64700,82900	64700,82900	189	Шайтан	13	0	AddSkillNPC1	0
14	[Паук-Бродяга]	1	210	0	64500,56600	64500,56600	180	Шайтан	1	0	Pauk_200	0
15	[Миротворец]	1	420	4	64000,83000	64000,83000	174	Шайтан	13	0	Mirniy_navik	0 
16	[Пиратские Гильдии]	1	452	0	64500,81100	64500,81100	174	Шайтан	13	0	Pirat_guilds	0
17	[Флотские гильдии]	1	12	0	65300,81100	65300,81100	174	Шайтан	13	0	Flot_Guilds	0
18	[Баффер] 	1	1058	3	68600,82500	68600,82500	180	Шайтан	180	0	Buffer	0
19	[Медсестра] 	1	29	3	68800,82500	68800,82500	180	Шайтан	180	0	Medsestra	0
20	[Бижутерия]	1	715	4	86800,355300	86800,355300	180	Шайтан	1	0	Trade_Neck	0	
21	[Наставница Новичков]	1	11	15	63800,83600	63800,83600	174	Shaitan City	13	0	r_NewbieCouch	0
22	[Понедельник]	1	103	0	67700,87000	67700,87000	90	Шайтан	24	0	Npc_Monday	0
23	[Вторник]	1	103	0	67900,86700	67900,86700	90	Шайтан	24	0	Npc_Tuesday	0
24	[Среда]	1	103	0	68400,86600	68400,86600	180	Шайтан	24	0	Npc_Wensday	0
25	[Четверг]	1	103	0	69000,86600	69000,86600	180	Шайтан	24	0	Npc_Thusday	0
26	[Пятница]	1	103	0	69300,87000	69300,87000	270	Шайтан	24	0	Npc_Friday	0
27	[Суббота]	1	103	0	69300,87400	66300,87400	270	Шайтан	24	0	Npc_Satturday	0
28	[Воскресенье]	1	103	0	69300,87800	69300,87800	270	Шайтан	24	0	Npc_Sunday	0
29	[Обменник Репутации] 	1	759	0	69600,84700	69600,84700	270	Шайтан	24	0	rep_Exchanger	0
30	[Толик]	1	568	0	75500,87000	75500,87000	180	Шайтан	13	0	Npc_Tolik	0
31	[Джессика]	1	3	4	68300,78100	68300,78100	270	Shaitan City	24	0	Npc_Jessika	0
32	[Обменник самоцветов +7]	1	745	0	66300,75600	66300,75600	180	Шайтан	24	0	Exchange_gem_7	0
33	[Обменник самоцветов +14]	1	745	0	66800,75600	66800,75600	180	Шайтан	24	0	Exchange_gem_14	0
34	[Обменник самоцветов +20]	1	745	0	68400,76000	68400,76000	270	Шайтан	24	0	Exchange_gem_20	0
35	[Обменник самоцветов +30]	1	745	0	68400,76500	68400,76500	270	Шайтан	24	0	Exchange_gem_30	0
36	[Обменник самоцветов +40]	1	745	0	66200,76100	66200,76100	90	Шайтан	24	0	Exchange_gem_40	0
37	[Вип Администратор]	1	29	3	65600,84900	65600,84900	360	Shaitan City	31	0	VIP_NPC	0
38	[Администратор Хаоса]	1	424	0	68800,80800	68800,80800	264	Shaitan City	13	0	r_chaoss	0
39	[Телепорт из Шахт]	1	30	7	114300,29600	114300,29600	270	Шахты Шайтана	13	0	TP_shakhty	0
40	[Минелли]	1	441	0	68700,80100	68700,80100	180	Shaitan City	24	0	t_kelili	0
41	[Гарри]	1	1110	7	65900,84500	65900,84500	90	Shaitan City	24	0	t_abaddon	0
42	[Смертная]	1	1232	1	66800,85800	66800,85800	360	Shaitan City	24	0	t_weaponsabs	0
43	[Смертный]	1	1233	1	66600,85800	66600,85800	360	Shaitan City	24	0	t_abbbijewap	0
44	[Марк]	1	798	1	68800,84800	68800,84800	360	Shaitan City	24	0	r_setstraja	0
45	[Портальщик Джека]	1	450	7	151600,103800	151600,103800	180	Canary Isle	13	0	r_djektpf	0
46	[Томми]	1	403	0	70500,79000	70500,79000	150	Shaitan City	13	0	r_talk71	0
47	[ТОП Гильдий]	1	14	6	64900,81100	64900,81100	180	Shaitan City	13	0	r_talk72	0
48	[Джон] 	1	773	7	61600,85000	61600,85000	180	Shaitan City	24	0	t_drakon	0
49	[Продавец Крыльев] 	1	1254	4	67900,79300	67900,79300	360	Шайтан	24	0	sell_wings	0
50	[Злой Ангел]	1	990	0	57600,76100	57600,76100	180	Shaitan City	13	0	r_LiveEx	0
51	[Старик Кайл] 	1	420	1	61800,84700	61800,84700	180	Shaitan City	24	0	t_dragset	0
52	[Ювелир] 	1	450	0	58000,76000	58000,76000	180	Shaitan City	24	0	t_ecxang743	0
53	[Священник]	1	23	0	63900,76500	63900,76500	264	Shaitan City	13	0	r_talk47	0
54	[Обменник СУЭ] 	1	404	4	67700,84900	67700,84900	360	Шайтан	24	0	exchange_sue	0
//27	Игровой Автомат	1	838	0	62300,81000	62300,81000	270	Shaitan City	13	0	star_talk03	0

//56	Портниха Молли 	1	443	2	64200,85500	64200,85500	180	Shaitan City	24	0	t_gamplaw	0
//57	Костёр	1	867	0	66200,88300	66200,88300	50	Shaitan City	13	0	b_talk25	0
//58	Повариха	1	25	0	66600,88500	66600,88500	360	Shaitan City	13	0	r_povar	0
//11	Корабел - Франклин	1	404	0	90111,366888	90111,366888	-94	Shaitan City	13	0	r_talk60	0
//12	Штаб флота - Адмирал Ник	1	443	0	86507,364804	86507,364804	174	Shaitan City	13	0	b_talk26	0

//54	Грузчик - Алексис	1	459	9	235697,72603	235697,72603	235	Isle of Chill	31	0	r_talk217	0
//24	Портальщица Купидона	1	11	7	253100,240000	253100,240000	269	Cupid Isle	13	0	t_kuppf	0
//25	Ученик Кузнеца	1	402	0	68200,75100	68200,75100	219	Shaitan City	13	0	mmm_talk04	0
//31	Экзаменатор	1	16	0	63500,83400	63500,83400	270	Shaitan City	1	0	reading_talk01	0
//32	Переводной Экзаменатор	1	16	0	63500,83000	63500,83000	270	Shaitan City	1	0	reading_talk02	0
//34	Котёл Кузнеца	1	882	0	67600,75200	67600,75200	180	Shaitan City	1	0	t_talkt1	0
//36	Комбайнер +4	1	1060	0	68400,75400	68400,75400	220	Shaitan City	13	0	r_comb	0

//39	Обменник Нефритов	1	404	0	68500,75800	68500,75800	180	Shaitan City	24	0	r_gemsnefrit	0

//44	Обменник +14	1	800	0	66700,75400	66700,75400	180	Shaitan City	24	0	r_gemsdeaths	0
//45	Друг Ученика 	1	414	0	68300,75200	68300,75200	180	Shaitan City	24	0	r_newbicomb	0

//47	Искатель Сокровищ 	1	451	7	65600,85200	65600,85200	180	Shaitan City	24	0	t_socrovi	0

//53	Обменник +20 	1	508	0	67300,75400	67300,75400	180	Shaitan City	24	0	r_ghssdeaths	0
//61	Пляж	1	429	7	64100,84900	64100,84900	360	Shaitan City	31	0	Beach_NPC	0
//62	Market	1	262	0	65500,81700	65500,81700	180	Shaitan City	3	0	MarketNpc	0
//63	Башня Нечести	1	19	7	58900,76000	58900,76000	90	Shaitan City	62	0	r_talkLT01	0
//64	Ад 	1	1206	7	62000,87000	62000,87000	270	Shaitan City	62	0	Hell_ad	0
//65	Глава Острова Богатства	1	424	0	69000,78900	69000,78900	180	Shaitan City	13	0	roico_talk	0
//67	Портальщица	1	424	7	117800,305200	117800,305200	204	Shaitan City	13	0	t_derevband	0
//68	Портальщица Оазиса  	1	424	7	56500,37500	56500,37500	204	Shaitan City	13	0	t_oazis	0
//69	Портальщица Скорпионов   	1	424	7	61800,304700	61800,304700	204	Shaitan City	13	0	t_oazis	0
//70	Портальщица Волков   	1	424	7	76200,289000	76200,289000	204	Shaitan City	13	0	t_oazis	0
//71	Портальщица Кабанов   	1	424	7	101200,292600	101200,292600	204	Shaitan City	13	0	t_oazis	0
//72	Рин 	1	423	0	92100,358500	92100,358500	270	Shaitan City	24	0	t_gemssetqua	0
//73	Мартин	1	1398	1	68000,84800	68000,84800	360	Shaitan City	24	0	r_timnecrop	0
//74	Обменник +40 	1	418	0	66200,76000	66200,76000	90	Shaitan City	24	0	r_ghstimzgge	0
//75	Проводник Скорби 	1	261	7	60500,86700	60500,86700	90	Shaitan City	62	0	ckorb_t	0
//76	Парикмахер	1	19	13	58700,87600	58700,87600	180	Shaitan City	62	0	pricha	0
//77	Обменник +30 	1	788	0	67000,75600	67000,75600	180	Shaitan City	24	0	r_gggshmtt	0
//78	Подрывник	1	410	7	63800,84900	63800,84900	360	Shaitan City	31	0	PTB_NPC	0
//80	Портальщица	1	424	7	98200,44700	98200,44700	190	Babul Haven	13	0	t_cherepx	0
//81	Портальщиц    	1	424	7	94600,31300	94600,31300	180	Shaitan City	13	0	t_skelets	0
//82	Портальщи    	1	424	7	85700,39500	85700,39500	180	Shaitan City	13	0	t_pchoaz	0
//83	Портальщ      	1	424	7	45900,39300	45900,39300	180	Shaitan City	13	0	t_oazisulit	0
//84	Милиса     	1	424	7	36000,17800	36000,17800	180	Shaitan City	13	0	t_skorptp	0
//85	Знаток	1	11	0	67600,80200	67600,80200	180	Shaitan City	3	0	QuestionNPC	0
//86	Чёрный Рынок	1	415	4	63900,81700	63900,81700	90	Shaitan City	20	0	leo_talk10	0

