1	Аргент	41,107,214	2	114,148,155	255,255,255	-1.0,-1.0,-1.0	1
2	Окраины Аргента	235,44,169	12	114,148,155	255,255,255	-1.0,-1.0,-1.0	0
3	Бельмонтские равнины	3,33,187	12	114,148,155	255,255,255	-1.0,-1.0,-1.0	0
4	Пастушьи равнины	239,95,95	12	114,148,155	255,255,255	-1.0,-1.0,-1.0	0
5	Андийский лес	76,252,16	12	120,120,120	255,255,255	-1.0,-1.0,-1.0	0
6	Луг Бельды	236,190,212	12	120,120,120	255,255,255	-1.0,-1.0,-1.0	0
7	Халдейская тундра	237,81,6	12	86,129,130	255,255,255	-1.0,-1.0,-1.0	0
8	Громоград	69,77,153	3	120,120,110	255,255,255	-1.0,-1.0,-1.0	1
9	Окраины Громограда	37,142,81	12	150,150,151	255,255,255	-1.0,-1.0,-1.0	0
10	Порт Громограда	101,83,5	3	120,120,152	255,255,255	-1.0,-1.0,-1.0	0
11	Священный лес	92,51,236	11	128,128,128	255,255,255	-1.0,-1.0,-1.0	0
12	Священная Снежная гора	63,84,22	9	128,128,128	255,255,255	-1.0,-1.0,-1.0	0
13	Шайтан	167,34,205	4	145,150,102	255,255,255	-1.0,-1.0,-1.0	1
14	Деревня Пауков	204,143,96	4	145,150,103	255,255,255	-1.0,-1.0,-1.0	0
15	Южная Пустыня	212,243,78	12	145,150,104	255,255,255	-1.0,-1.0,-1.0	0
16	Песчаная Пустыня	74,96,61	12	145,150,105	255,255,255	-1.0,-1.0,-1.0	0
17	Остров Морфей	203,238,47	12	128,128,128	255,255,255	-1.0,-1.0,-1.0	0
18	Столица Абаддона	104,22,117	-1	128,128,128	255,255,255	-1.0,-1.0,-1.0	0
19	Верхняя Ледынь	147,109,53	12	110,171,199	255,255,255	-1.0,-1.0,-1.0	1
20	Нижняя Ледынь	51,244,13	6	110,171,199	255,255,255	-1.0,-1.0,-1.0	1
21	Снежные равнины Атлансис	76,230,5	12	110,171,199	255,255,255	-1.0,-1.0,-1.0	0
22	Ледяной шип	57,33,16	12	110,171,199	255,255,255	-1.0,-1.0,-1.0	0
23	Остров Галер	115,17,139	9	128,128,128	255,255,255	-1.0,-1.0,-1.0	0
24	Весноград	208,161,90	13	128,128,128	255,255,255	-1.0,-1.0,-1.0	0
25	Остров Весны	80,99,145	13	128,128,128	255,255,255	-1.0,-1.0,-1.0	0
26	Таинственная пещера	50,216,246	9	128,128,128	255,255,255	-1.0,-1.0,-1.0	0
27	Остров Лета	168,233,249	14	128,128,128	255,255,255	-1.0,-1.0,-1.0	0
28	Древний дождевой лес	128,114,64	12	128,128,128	255,255,255	-1.0,-1.0,-1.0	0
29	Остров Осени	141,110,121	7	170,106,74	250,242,210	-1.0,-1.0,-1.0	0
31	Остров Стужи	114,54,146	12	128,128,128	255,255,255	-1.0,-1.0,-1.0	0
30	Леса Дэла	236,161,43	12	128,128,128	255,255,255	-1.0,-1.0,-1.0	0
32	Остров Зефира	103,182,118	12	128,128,128	255,255,255	-1.0,-1.0,-1.0	0
33	Остров Древесины	53,42,234	12	128,128,128	255,255,255	-1.0,-1.0,-1.0	0
34	Остров Арены	221,243,5	12	128,128,128	255,255,255	-1.0,-1.0,-1.0	0
35	Остров Отверженных	49,78,9	12	128,128,128	255,255,255	-1.0,-1.0,-1.0	0
36	Ледниковый остров	240,207,11	12	128,128,128	255,255,255	-1.0,-1.0,-1.0	0
37	Остров Купидона	53,201,176	12	128,128,128	255,255,255	-1.0,-1.0,-1.0	0
38	Остов Джека	185,149,202	12	128,128,128	255,255,255	-1.0,-1.0,-1.0	0
39	Заброшенная шахта 1	150,219,2	9	128,128,128	255,255,255	-1.0,-1.0,-1.0	0
40	Пещера 2	18,252,192	9	128,128,128	255,255,255	-1.0,-1.0,-1.0	0
41	Серебряная шахта 1	16,30,236	9	128,128,128	255,255,255	-1.0,-1.0,-1.0	0
42	Серебряная шахта 2	21,170,32	9	128,128,128	255,255,255	-1.0,-1.0,-1.0	0
43	Серебряная шахта 3	195,19,206	8	128,128,128	255,255,255	-1.0,-1.0,-1.0	0
44	Одинокая башня 1	67,65,130	10	128,128,128	255,255,255	-1.0,-1.0,-1.0	0
45	Одинокая башня 2	111,49,196	10	128,128,128	255,255,255	-1.0,-1.0,-1.0	0
46	Одинокая башня 3	115,252,101	10	128,128,128	255,255,255	-1.0,-1.0,-1.0	0
47	Одинокая башня 4	157,117,157	10	128,128,128	255,255,255	-1.0,-1.0,-1.0	0
48	Одинокая башня 5	47,213,183	10	128,128,128	255,255,255	-1.0,-1.0,-1.0	0
49	Одинокая башня 6	155,239,79	8	128,128,128	255,255,255	-1.0,-1.0,-1.0	0
50	Священный лабиринт	68,251,228	9	128,128,128	255,255,255	-1.0,-1.0,-1.0	0
51	Остров Руин	47,211,221	9	128,128,128	255,255,255	-1.0,-1.0,-1.0	0
52	Пещера	25,93,98	9	198,152,68	253,247,229	-1.0,-1.0,-1.0	0
53	Андийский лес	135,206,147	12	120,120,120	255,255,255	-1.0,-1.0,-1.0	0
54	Халдейский оплот	125,70,239	12	86,129,130	255,255,255	-1.0,-1.0,-1.0	0
55	Заброшенные шахты	84,137,128	12	114,148,155	255,255,255	-1.0,-1.0,-1.0	0
56	Пустоши Ледыни	108,55,216	12	128,128,128	255,255,255	-1.0,-1.0,-1.0	0
57	Лагерь Оазис	32,125,91	12	145,150,104	255,255,255	-1.0,-1.0,-1.0	0
58	Скалистый удел	236,194,55	12	114,148,155	255,255,255	-1.0,-1.0,-1.0	0
59	Бухта Атланти	6,51,63	12	110,171,199	255,255,255	-1.0,-1.0,-1.0	0
60	Берег Скелетов	249,33,4	12	110,171,199	255,255,255	-1.0,-1.0,-1.0	0
61	Валага	121,144,53	12	120,120,120	255,255,255	-1.0,-1.0,-1.0	0
62	Роща Черепах	214,153,143	12	145,150,104	255,255,255	-1.0,-1.0,-1.0	0
63	Обитель радости	15,218,22	12	120,120,120	255,255,255	-1.0,-1.0,-1.0	0
64	Ледяной Шип	212,158,103	12	110,171,199	255,255,255	-1.0,-1.0,-1.0	0
65	Пчелиный Оазис	168,43,212	12	128,128,128	255,255,255	-1.0,-1.0,-1.0	0
66	Улиточный Оазис	126,30,242	12	128,128,128	255,255,255	-1.0,-1.0,-1.0	0
67	Лагерь Пустынных Скелетов	118,79,29	12	128,128,128	255,255,255	-1.0,-1.0,-1.0	0
68	Бандитский лагерь	221,65,111	12	128,128,128	255,255,255	-1.0,-1.0,-1.0	0
69	Логово демонов	200,149,199	12	128,128,128	255,255,255	-1.0,-1.0,-1.0	0
70	Остров Фортуны	191,103,213	12	128,128,128	255,255,255	-1.0,-1.0,-1.0	0
71	Бухта Сара	104,43,234	12	128,128,128	255,255,255	-1.0,-1.0,-1.0	0
72	Албанская бухта	224,199,62	12	128,128,128	255,255,255	-1.0,-1.0,-1.0	0
73	Остров Хафта	135,85,33	12	128,128,128	255,255,255	-1.0,-1.0,-1.0	0
74	Бухта Рейгана	63,178,57	12	128,128,128	255,255,255	-1.0,-1.0,-1.0	0
75	Гавань Норитового острова	244,68,53	12	128,128,128	255,255,255	-1.0,-1.0,-1.0	0
76	Бухта Айрис	210,198,243	12	128,128,128	255,255,255	-1.0,-1.0,-1.0	0
77	Бухта Лаху	180,161,8	12	128,128,128	255,255,255	-1.0,-1.0,-1.0	0
78	Бухта Пирикс	236,209,143	12	128,128,128	255,255,255	-1.0,-1.0,-1.0	0
79	Пальмовый берег	214,127,72	12	128,128,128	255,255,255	-1.0,-1.0,-1.0	0
80	Гавань Гелады	162,178,52	12	128,128,128	255,255,255	-1.0,-1.0,-1.0	0
81	Бухта Хаббл	173,209,85	12	128,128,128	255,255,255	-1.0,-1.0,-1.0	0
82	Бухта Эфио	77,53,71	12	128,128,128	255,255,255	-1.0,-1.0,-1.0	0
83	Бухта Салва	180,193,31	12	128,128,128	255,255,255	-1.0,-1.0,-1.0	0
84	Бухта Карман	36,137,84	12	128,128,128	255,255,255	-1.0,-1.0,-1.0	0
85	Бухта Мюс	47,165,183	12	128,128,128	255,255,255	-1.0,-1.0,-1.0	0
86	Сад Эдель	206,97,41	8	128,128,128	255,255,255	-1.0,-1.0,-1.0	0
87	Дс 1	5,128,34	8	128,128,128	255,255,255	-1.0,-1.0,-1.0	0
88	Фс 1	252,129,141	8	128,128,128	255,255,255	-1.0,-1.0,-1.0	0
89	Дс 2	206,123,122	8	128,128,128	255,255,255	-1.0,-1.0,-1.0	0
90	Дс 3	36,76,89	8	128,128,128	255,255,255	-1.0,-1.0,-1.0	0
91	Фс 2	242,171,97	8	128,128,128	255,255,255	-1.0,-1.0,-1.0	0
92	Фс 3	164,230,2	8	128,128,128	255,255,255	-1.0,-1.0,-1.0	0
93	Дв 1	50,215,93	8	128,128,128	255,255,255	-1.0,-1.0,-1.0	0
94	Дв 2	94,11,153	8	128,128,128	255,255,255	-1.0,-1.0,-1.0	0
95	Арена	141,99,210	8	128,128,128	255,255,255	-1.0,-1.0,-1.0	0
96	Подводный морской туннель	103,157,130	8	128,128,128	255,255,255	-1.0,-1.0,-1.0	0
97	Логово черного дракона 1	212,85,58	8	128,128,128	255,255,255	-1.0,-1.0,-1.0	0
98	Логово черного дракона 2	61,57,42	8	128,128,128	255,255,255	-1.0,-1.0,-1.0	0
99	Логово черного дракона 3	142,77,89	8	128,128,128	255,255,255	-1.0,-1.0,-1.0	0
100	Подводный тоннель	114,221,104	9	128,128,128	255,255,255	-1.0,-1.0,-1.0	0
101	Остров Скелетов	86,219,73	9	128,128,128	255,255,255	-1.0,-1.0,-1.0	0
102	Лагерь Мёртвых Душ	132,5,100	3	128,128,128	255,255,255	-1.0,-1.0,-1.0	0
103	Залив Сокровищ	119,229,46	12	128,128,128	255,255,255	-1.0,-1.0,-1.0	0
104	Подземный док	77,55,210	9	128,128,128	255,255,255	-1.0,-1.0,-1.0	0
105	Лагерь Мёртвых Душ 3	43,183,74	9	128,128,128	255,255,255	-1.0,-1.0,-1.0	0
106	Лагерь Мёртвых Душ 2	183,214,241	9	128,128,128	255,255,255	-1.0,-1.0,-1.0	0
107	Абаддон 1	112,34,109	9	128,128,128	255,255,255	-1.0,-1.0,-1.0	0
108	Абаддон 2	97,231,199	9	128,128,128	255,255,255	-1.0,-1.0,-1.0	0
109	Абаддон 3	193,245,237	9	128,128,128	255,255,255	-1.0,-1.0,-1.0	0
110	Абаддон 4	16,236,40	9	128,128,128	255,255,255	-1.0,-1.0,-1.0	0
111	Небеса	8,217,215	2	128,128,128	255,255,255	-1.0,-1.0,-1.0	0
112	Хаос	234,9,226	-1	128,128,128	255,255,255	-1,-1,-1	0
113	Абаддон 5	206,16,176	-1	128,128,128	255,255,255	-1.0,-1.0,-1.0	0
114	Абаддон 6	23,233,130	-1	128,128,128	255,255,255	-1.0,-1.0,-1.0	0
115	Абаддон 7	75,163,147	-1	128,128,128	255,255,255	-1.0,-1.0,-1.0	0
116	Абаддон 8	98,47,35	-1	128,128,128	255,255,255	-1.0,-1.0,-1.0	0
117	Абаддон 9	233,216,16	-1	128,128,128	255,255,255	-1.0,-1.0,-1.0	0
118	Абаддон 10	178,186,187	-1	128,128,128	255,255,255	-1.0,-1.0,-1.0	0
119	Абаддон 11	226,64,246	-1	128,128,128	255,255,255	-1.0,-1.0,-1.0	0
120	Абаддон 12	77,244,121	-1	128,128,128	255,255,255	-1.0,-1.0,-1.0	0
121	Абаддон 13	180,50,208	-1	128,128,128	255,255,255	-1.0,-1.0,-1.0	0
122	Абаддон 14	11,59,239	-1	128,128,128	255,255,255	-1.0,-1.0,-1.0	0
123	Абаддон 15	27,174,168	-1	128,128,128	255,255,255	-1.0,-1.0,-1.0	0
124	Абаддон 16	134,144,185	-1	128,128,128	255,255,255	-1.0,-1.0,-1.0	0
125	Абаддон 17	155,249,181	-1	128,128,128	255,255,255	-1.0,-1.0,-1.0	0
126	Абаддон 18	153,139,227	-1	128,128,128	255,255,255	-1.0,-1.0,-1.0	0
127	Вечный Абаддон	128,248,172	-1	128,128,128	255,255,255	-1.0,-1.0,-1.0	0
128	Гавань Абаддона	215,108,251	-1	128,128,128	255,255,255	-1.0,-1.0,-1.0	0
129	Мираж Ледыни	2,55,212	-1	128,128,128	255,255,255	-1.0,-1.0,-1.0	0
130	Мираж Громограда	79,134,69	-1	128,128,128	255,255,255	-1.0,-1.0,-1.0	0
131	Пустыня	9,119,147	-1	128,128,128	255,255,255	-1.0,-1.0,-1.0	0
132	Священная война	14,103,20	-1	128,128,128	255,255,255	-1.0,-1.0,-1.0	0
133	Маленькая священная война	92,247,123	-1	128,128,128	255,255,255	-1.0,-1.0,-1.0	0
134	Церковь	17,178,140	-1	128,128,128	255,255,255	-1.0,-1.0,-1.0	0
135	Мини Снежная Война 	233,118,107	-1	128,128,128	255,255,255	-1.0,-1.0,-1.0	0
136	Грех	153,139,227	-1	128,128,128	255,255,255	-1.0,-1.0,-1.0	0
137	Утопь Греха	128,248,172	-1	128,128,128	255,255,255	-1.0,-1.0,-1.0	0
138	Рождественская Арена C 	19,182,75	-1	128,128,128	255,255,255	-1.0,-1.0,-1.0	0
139	Рождественская Арена D 	13,139,58	-1	128,128,128	255,255,255	-1.0,-1.0,-1.0	0
140	Рождественская Арена E 	137,56,156	-1	128,128,128	255,255,255	-1.0,-1.0,-1.0	0
141	Снежная Война 	148,147,165	-1	128,128,128	255,255,255	-1.0,-1.0,-1.0	0
142	Остров Драконов 	53,30,26	-1	128,128,128	255,255,255	-1.0,-1.0,-1.0	0
143	Темный Дом 	77,142,137	-1	128,128,128	255,255,255	-1.0,-1.0,-1.0	0
144	Долина Вулканов  	176,59,250	-1	128,128,128	255,255,255	-1.0,-1.0,-1.0	0
145	Город Мечты	62,200,228	-1	128,128,128	255,255,255	-1.0,-1.0,-1.0	0
146	Подземелье Аргента 3	119,245,100	-1	128,128,128	255,255,255	-1.0,-1.0,-1.0	0
147	Неизвестный Остров 96	235,233,76	-1	128,128,128	255,255,255	-1,-1,-1	0
148	Война Бомб	5,26,77	3	128,128,128	255,255,255	-1.0,-1.0,-1.0	0
149	Место для Бомб 1	145,55,140	3	128,128,128	255,255,255	-1.0,-1.0,-1.0	0
150	Место для Бомб 2	179,145,204	3	128,128,128	255,255,255	-1.0,-1.0,-1.0	0
151	Неизвестный Остров 100	224,85,56	-1	128,128,128	255,255,255	-1.0,-1.0,-1.0	0
152	Неизвестный Остров 101	19,218,37	-1	128,128,128	255,255,255	-1.0,-1.0,-1.0	0
153	Неизвестный Остров 102	31,26,88	-1	128,128,128	255,255,255	-1.0,-1.0,-1.0	0
154	Неизвестный Остров 103	153,136,239	-1	128,128,128	255,255,255	-1.0,-1.0,-1.0	0
155	Неизвестный Остров 104	253,159,209	-1	128,128,128	255,255,255	-1.0,-1.0,-1.0	0
156	Неизвестный Остров 105	202,250,237	-1	128,128,128	255,255,255	-1.0,-1.0,-1.0	0
157	Неизвестный Остров 106	205,141,85	-1	128,128,128	255,255,255	-1.0,-1.0,-1.0	0
158	Неизвестный Остров 107	167,40,170	-1	128,128,128	255,255,255	-1.0,-1.0,-1.0	0
159	Неизвестный Остров 108	141,137,58	-1	128,128,128	255,255,255	-1.0,-1.0,-1.0	0
160	Неизвестный Остров 109	63,24,9	-1	128,128,128	255,255,255	-1.0,-1.0,-1.0	0
161	Неизвестный Остров 110	232,1,240	-1	128,128,128	255,255,255	-1.0,-1.0,-1.0	0
162	Неизвестный Остров 111	172,252,194	-1	128,128,128	255,255,255	-1.0,-1.0,-1.0	0
163	Неизвестный Остров 112	75,127,19	-1	128,128,128	255,255,255	-1.0,-1.0,-1.0	0
164	Неизвестный Остров 113	53,178,215	-1	128,128,128	255,255,255	-1.0,-1.0,-1.0	0
165	Неизвестный Остров 114	17,172,123	-1	128,128,128	255,255,255	-1.0,-1.0,-1.0	0
166	Неизвестный Остров 115	116,167,1	-1	128,128,128	255,255,255	-1.0,-1.0,-1.0	0
167	Неизвестный Остров 116	250,140,244	-1	128,128,128	255,255,255	-1.0,-1.0,-1.0	0
168	Неизвестный Остров 117	100,82,211	-1	128,128,128	255,255,255	-1.0,-1.0,-1.0	0
169	Неизвестный Остров 118	185,181,196	-1	128,128,128	255,255,255	-1.0,-1.0,-1.0	0
170	Неизвестный Остров 119	171,36,47	-1	128,128,128	255,255,255	-1.0,-1.0,-1.0	0
171	Неизвестный Остров 120	243,100,210	-1	128,128,128	255,255,255	-1.0,-1.0,-1.0	0
172	Неизвестный Остров 121	134,98,88	-1	128,128,128	255,255,255	-1.0,-1.0,-1.0	0
173	Неизвестный Остров 122	95,196,47	-1	128,128,128	255,255,255	-1.0,-1.0,-1.0	0
174	Неизвестный Остров 123	59,45,118	-1	128,128,128	255,255,255	-1.0,-1.0,-1.0	0
175	Неизвестный Остров 124	88,238,205	-1	128,128,128	255,255,255	-1.0,-1.0,-1.0	0
176	Неизвестный Остров 125	2,2,180	-1	128,128,128	255,255,255	-1.0,-1.0,-1.0	0
177	Бухта Луны	48,64,8	-1	128,128,128	255,255,255	-1,-1,-1	0
178	Остров Зимней Луны	10,232,29	-1	128,128,128	255,255,255	-1,-1,-1	0
179	Остров Кары	102,8,203	-1	128,128,128	255,255,255	-1,-1,-1	0
180	Остров Виля	97,166,155	-1	128,128,128	255,255,255	-1,-1,-1	0
181	Остров Ледяного Озера	180,243,243	-1	128,128,128	255,255,255	-1,-1,-1	0
182	Обледенелый Остров	99,25,165	-1	128,128,128	255,255,255	-1,-1,-1	0
183	1-ый край Авроры	1,144,85	-1	128,128,128	255,255,255	-1,-1,-1	0
184	2-ой край Авроры	226,207,25	-1	128,128,128	255,255,255	-1,-1,-1	0
185	1-ый край Тьмы	208,205,156	-1	128,128,128	255,255,255	-1,-1,-1	0
186	2-ой край Тьмы	11,96,177	-1	128,128,128	255,255,255	-1,-1,-1	0
187	Неизвестный Остров 136	111,97,12	-1	128,128,128	255,255,255	-1.0,-1.0,-1.0	0
188	Неизвестный Остров 137	66,154,36	-1	128,128,128	255,255,255	-1.0,-1.0,-1.0	0
189	Неизвестный Остров 138	146,17,37	-1	128,128,128	255,255,255	-1.0,-1.0,-1.0	0
190	Неизвестный Остров 139	167,222,81	-1	128,128,128	255,255,255	-1.0,-1.0,-1.0	0
191	Неизвестный Остров 140	110,71,198	-1	128,128,128	255,255,255	-1.0,-1.0,-1.0	0
192	Неизвестный Остров 141	159,4,230	-1	128,128,128	255,255,255	-1.0,-1.0,-1.0	0
193	Неизвестный Остров 142	184,7,111	-1	128,128,128	255,255,255	-1.0,-1.0,-1.0	0
194	Неизвестный Остров 143	20,68,132	-1	128,128,128	255,255,255	-1.0,-1.0,-1.0	0
195	Неизвестный Остров 144	14,154,24	-1	128,128,128	255,255,255	-1.0,-1.0,-1.0	0
196	Неизвестный Остров 145	142,37,89	-1	128,128,128	255,255,255	-1.0,-1.0,-1.0	0
197	Неизвестный Остров 146	92,158,57	-1	128,128,128	255,255,255	-1.0,-1.0,-1.0	0
198	Неизвестный Остров 147	188,146,160	-1	128,128,128	255,255,255	-1.0,-1.0,-1.0	0
199	Неизвестный Остров 148	122,153,85	-1	128,128,128	255,255,255	-1.0,-1.0,-1.0	0
200	Неизвестный Остров 149	188,183,212	-1	128,128,128	255,255,255	-1.0,-1.0,-1.0	0
201	Неизвестный Остров 150	39,136,46	-1	128,128,128	255,255,255	-1.0,-1.0,-1.0	0
202	Неизвестный Остров 151	30,39,230	-1	128,128,128	255,255,255	-1.0,-1.0,-1.0	0
203	Неизвестный Остров 152	161,20,96	-1	128,128,128	255,255,255	-1.0,-1.0,-1.0	0
204	Неизвестный Остров 153	59,160,163	-1	128,128,128	255,255,255	-1.0,-1.0,-1.0	0
205	Неизвестный Остров 154	135,58,94	-1	128,128,128	255,255,255	-1.0,-1.0,-1.0	0
206	Неизвестный Остров 155	6,208,239	-1	128,128,128	255,255,255	-1.0,-1.0,-1.0	0
207	Неизвестный Остров 156	107,14,201	-1	128,128,128	255,255,255	-1.0,-1.0,-1.0	0
208	Неизвестный Остров 157	208,231,205	-1	128,128,128	255,255,255	-1.0,-1.0,-1.0	0
209	Неизвестный Остров 158	77,93,71	-1	128,128,128	255,255,255	-1.0,-1.0,-1.0	0
210	Неизвестный Остров 159	45,133,66	-1	128,128,128	255,255,255	-1.0,-1.0,-1.0	0
211	Неизвестный Остров 160	220,120,137	-1	128,128,128	255,255,255	-1.0,-1.0,-1.0	0
212	Неизвестный Остров 161	242,71,22	-1	128,128,128	255,255,255	-1.0,-1.0,-1.0	0
213	Неизвестный Остров 162	24,38,222	-1	128,128,128	255,255,255	-1.0,-1.0,-1.0	0
214	Неизвестный Остров 163	83,246,178	-1	128,128,128	255,255,255	-1.0,-1.0,-1.0	0
215	Неизвестный Остров 164	95,133,110	-1	128,128,128	255,255,255	-1.0,-1.0,-1.0	0
216	Неизвестный Остров 165	182,68,100	-1	128,128,128	255,255,255	-1.0,-1.0,-1.0	0
217	Неизвестный Остров 166	252,142,62	-1	128,128,128	255,255,255	-1.0,-1.0,-1.0	0
218	Неизвестный Остров 167	95,164,116	-1	128,128,128	255,255,255	-1.0,-1.0,-1.0	0
219	Неизвестный Остров 168	150,223,125	-1	128,128,128	255,255,255	-1.0,-1.0,-1.0	0
220	Неизвестный Остров 169	220,117,39	-1	128,128,128	255,255,255	-1.0,-1.0,-1.0	0
221	Неизвестный Остров 170	235,100,228	-1	128,128,128	255,255,255	-1.0,-1.0,-1.0	0
222	Неизвестный Остров 171	189,36,220	-1	128,128,128	255,255,255	-1.0,-1.0,-1.0	0
223	Неизвестный Остров 172	114,38,80	-1	128,128,128	255,255,255	-1.0,-1.0,-1.0	0
224	Неизвестный Остров 173	89,227,210	-1	128,128,128	255,255,255	-1.0,-1.0,-1.0	0
225	Неизвестный Остров 174	19,196,198	-1	128,128,128	255,255,255	-1.0,-1.0,-1.0	0
226	Неизвестный Остров 175	4,60,208	-1	128,128,128	255,255,255	-1.0,-1.0,-1.0	0
227	Неизвестный Остров 176	222,132,209	-1	128,128,128	255,255,255	-1.0,-1.0,-1.0	0
228	Неизвестный Остров 177	231,61,7	-1	128,128,128	255,255,255	-1.0,-1.0,-1.0	0
229	Неизвестный Остров 178	92,216,119	-1	128,128,128	255,255,255	-1.0,-1.0,-1.0	0
230	Неизвестный Остров 179	130,18,104	-1	128,128,128	255,255,255	-1.0,-1.0,-1.0	0
231	Неизвестный Остров 180	201,212,70	-1	128,128,128	255,255,255	-1.0,-1.0,-1.0	0
232	Неизвестный Остров 181	13,53,22	-1	128,128,128	255,255,255	-1.0,-1.0,-1.0	0
233	Неизвестный Остров 182	69,246,187	-1	128,128,128	255,255,255	-1.0,-1.0,-1.0	0
234	Неизвестный Остров 183	204,120,163	-1	128,128,128	255,255,255	-1.0,-1.0,-1.0	0
235	Неизвестный Остров 184	232,4,130	-1	128,128,128	255,255,255	-1.0,-1.0,-1.0	0
236	Неизвестный Остров 185	171,198,235	-1	128,128,128	255,255,255	-1.0,-1.0,-1.0	0
237	Неизвестный Остров 186	167,132,219	-1	128,128,128	255,255,255	-1.0,-1.0,-1.0	0
238	Неизвестный Остров 187	248,56,223	-1	128,128,128	255,255,255	-1.0,-1.0,-1.0	0
239	Неизвестный Остров 188	96,68,85	-1	128,128,128	255,255,255	-1.0,-1.0,-1.0	0
240	Неизвестный Остров 189	241,204,135	-1	128,128,128	255,255,255	-1.0,-1.0,-1.0	0
241	Неизвестный Остров 190	179,42,224	-1	128,128,128	255,255,255	-1.0,-1.0,-1.0	0
242	Неизвестный Остров 191	3,196,74	-1	128,128,128	255,255,255	-1.0,-1.0,-1.0	0
243	Неизвестный Остров 192	198,52,240	-1	128,128,128	255,255,255	-1.0,-1.0,-1.0	0
244	Неизвестный Остров 193	215,130,9	-1	128,128,128	255,255,255	-1.0,-1.0,-1.0	0
245	Неизвестный Остров 194	48,202,188	-1	128,128,128	255,255,255	-1.0,-1.0,-1.0	0
246	Неизвестный Остров 195	27,69,133	-1	128,128,128	255,255,255	-1.0,-1.0,-1.0	0
247	Неизвестный Остров 196	166,14,218	-1	128,128,128	255,255,255	-1.0,-1.0,-1.0	0
248	Неизвестный Остров 197	110,125,152	-1	128,128,128	255,255,255	-1.0,-1.0,-1.0	0
249	Неизвестный Остров 198	206,63,239	-1	128,128,128	255,255,255	-1.0,-1.0,-1.0	0
250	Неизвестный Остров 199	217,104,215	-1	128,128,128	255,255,255	-1.0,-1.0,-1.0	0
251	Пляж	239,134,60	-1	128,128,128	255,255,255	-1.0,-1.0,-1.0	0
252	Неизвестный Остров 201	180,40,8	-1	128,128,128	255,255,255	-1.0,-1.0,-1.0	0
253	Неизвестный Остров 202	13,75,166	-1	128,128,128	255,255,255	-1.0,-1.0,-1.0	0
254	Арена	18,222,247	-1	128,128,128	255,255,255	-1.0,-1.0,-1.0	0
255	Интерфейс подключения	122,97,10	-1	114,148,155	255,255,255	-1.0,-1.0,-1.0	0
