1	garner	Аскарон	1	1350,550	3,1350,550	0,0,0
2	fantasy	Остров Фантазий	1	150,150	3,150,150	255,255,255
3	darkblue	Великий Синий Океан	1	70,70	3,70,70	255,255,255
4	lonetower	Одинокая башня	0	50,50	3,50,50	255,255,255
5	eastgoaf	Восточный завал	1	50,50	3,50,50	255,255,255
6	secretgarden	Сад Эдель	0	50,50	3,50,50	255,255,255
7	darkswamp	Темная топь	0	50,50	3,50,50	255,255,255
8	cupid	Логово	0	50,50	3,50,50	255,255,255
9	stuja	Стужа	0	50,50	3,50,50	255,255,255
10	abandonedcity3	Забытый Город 3	0	150,150	3,50,50	255,255,255
11	puzzleworld	Мир Демонов	0	1, 1	3,50,50	0,0,0
12	puzzleworld2	Мир Демонов 2	0	1, 1	3,50,50	0,0,0
13	teampk	Арена	0	1, 1	3,50,50	0,0,0
14	jialebi	Тайная пиратская база	1	150,150	3,50,50	255,255,255	
15	garner2	Серебряный Хаос	1	1350,550	3,1350,550	255,255,255
16	hell	Испытание	0	1350,550	3,1350,550	0,0,0
17	hell2	Испытание	0	1350,550	3,1350,550	0,0,0
18	hell3	Испытание	0	1350,550	3,1350,550	0,0,0
19	hell4	Испытание	0	1350,550	3,1350,550	0,0,0
20	hell5	Последнее Испытание	0	1350,550	3,1350,550	0,0,0
21	guildwar	Священная война	0	1350,550	3,1350,550	0,0,0
22	leiting2	Мираж Громограда	1	1350,550	3,1350,550	0,0,0
23	shalan2	Пустыня	1	1350,550	3,1350,550	0,0,0
24	AngelIsle	AngelIsle	1	1, 1	3,50,50	0,0,0
25	bosshotel	bosshotel	1	50,50	3,50,50	255,255,255
26	yschurch	Церковь	1	1350,550	3,1350,550	0,0,0
27	SlayerRumble	Остров Богатства	0	150,150	3,150,150	255,255,255
28	AUST	Зеленоград	0	150,150	3,150,150	255,255,255
29	basement	Чистилище	1	1350,550	3,1350,550	0,0,0
30	prisonisland	Остров Драконов	1	150,150	3,150,150	255,255,255
32	necropolis	Некрополь	1	1350,550	3,1350,550	0,0,0
33	beach	Sandy Beach	1	70,70	3,70,70	255,255,255
34	ptb	Бомбы	1	150,150	3,150,150	255,255,255
35	mjing3	1-ый край Тьмы	0	1350,550	3,1350,550	0,0,0
36	mjing4	2-ой край Тьмы	0	1350,550	3,1350,550	0,0,0
37	farmer1	Остров Скорби	0	150,150	3,50,50	255,255,255
38	ruins	Мировой Босс	0	70,70	3,70,70	255,255,255
39	volcanoisle	Долина Вулканов	0	50,50	3,50,50	255,255,255
40	InfernalAbyss	Покои Мертвых	0	50,50	3,50,50	255,255,255
41	Hellchapter	Ад	0	50,50	3,50,50	255,255,255
42	CrystalShore	Город Судьбы	0	50,50	3,50,50	255,255,255
43	kisles	Калиндор	1	1, 1	3,50,50	0,0,0
44	fishing	Остров Рыбаков	0	1, 1	3,50,50	255,255,255
45	bountypk	BountyPK	1	50,50	3,50,50	255,255,255
46	07xmas2	Снежная война	1	1350,550	3,1350,550	0,0,0
47	Pkteam	Тюрьма	0	1, 1	3,50,50	0,0,0
48	avc1	Пустынные Войны	0	1350,550	3,1350,550	255,255,255
49	halloween	Остров Хэллоуина	0	1350,550	3,1350,550	0,0,0

